{
 "cells": [
  {
   "cell_type": "code",
   "execution_count": 1,
   "outputs": [],
   "source": [
    "from numpy import loadtxt\n",
    "import numpy as np\n",
    "from src.linear_algebra_resolution.householder_method import householder\n",
    "from src.linear_algebra_resolution.power_methods import regular_power_method\n"
   ],
   "metadata": {
    "collapsed": false,
    "pycharm": {
     "name": "#%%\n"
    }
   }
  },
  {
   "cell_type": "code",
   "execution_count": 12,
   "outputs": [],
   "source": [
    "x = loadtxt('test_matrix/householder.csv', delimiter=',')"
   ],
   "metadata": {
    "collapsed": false,
    "pycharm": {
     "name": "#%%\n"
    }
   }
  },
  {
   "cell_type": "code",
   "execution_count": 13,
   "outputs": [
    {
     "data": {
      "text/plain": "array([[ 4.,  1., -2.,  2.],\n       [ 1.,  2.,  0.,  1.],\n       [-2.,  0.,  3., -2.],\n       [ 2.,  1., -2., -1.]])"
     },
     "execution_count": 13,
     "metadata": {},
     "output_type": "execute_result"
    }
   ],
   "source": [
    "x"
   ],
   "metadata": {
    "collapsed": false,
    "pycharm": {
     "name": "#%%\n"
    }
   }
  },
  {
   "cell_type": "code",
   "execution_count": 14,
   "outputs": [],
   "source": [
    "a_hat, h = householder(x)"
   ],
   "metadata": {
    "collapsed": false,
    "pycharm": {
     "name": "#%%\n"
    }
   }
  },
  {
   "cell_type": "code",
   "execution_count": 15,
   "outputs": [
    {
     "data": {
      "text/plain": "array([[ 4.00000000e+00,  3.00000000e+00, -1.99840144e-16,\n        -8.43769499e-16],\n       [ 3.00000000e+00,  3.33333333e+00,  1.66666667e+00,\n        -2.88657986e-16],\n       [-1.99840144e-16,  1.66666667e+00, -1.32000000e+00,\n        -9.06666667e-01],\n       [-8.43769499e-16,  2.22044605e-16, -9.06666667e-01,\n         1.98666667e+00]])"
     },
     "execution_count": 15,
     "metadata": {},
     "output_type": "execute_result"
    }
   ],
   "source": [
    "a_hat"
   ],
   "metadata": {
    "collapsed": false,
    "pycharm": {
     "name": "#%%\n"
    }
   }
  },
  {
   "cell_type": "code",
   "execution_count": 16,
   "outputs": [
    {
     "data": {
      "text/plain": "array([[ 1.        ,  0.        ,  0.        ,  0.        ],\n       [ 0.        ,  0.33333333,  0.13333333,  0.93333333],\n       [ 0.        , -0.66666667, -0.66666667,  0.33333333],\n       [ 0.        ,  0.66666667, -0.73333333, -0.13333333]])"
     },
     "execution_count": 16,
     "metadata": {},
     "output_type": "execute_result"
    }
   ],
   "source": [
    "h"
   ],
   "metadata": {
    "collapsed": false,
    "pycharm": {
     "name": "#%%\n"
    }
   }
  },
  {
   "cell_type": "code",
   "execution_count": 6,
   "outputs": [],
   "source": [],
   "metadata": {
    "collapsed": false,
    "pycharm": {
     "name": "#%%\n"
    }
   }
  }
 ],
 "metadata": {
  "kernelspec": {
   "display_name": "Python 3",
   "language": "python",
   "name": "python3"
  },
  "language_info": {
   "codemirror_mode": {
    "name": "ipython",
    "version": 2
   },
   "file_extension": ".py",
   "mimetype": "text/x-python",
   "name": "python",
   "nbconvert_exporter": "python",
   "pygments_lexer": "ipython2",
   "version": "2.7.6"
  }
 },
 "nbformat": 4,
 "nbformat_minor": 0
}